FECHA: 24/08/2023
====================================================================================================
                 PRODUCTO            DNI       CANTIDAD
----------------------------------------------------------------------------------------------------
  1)             JXD-139          50375303         6
  2)             AWB-345          13245501         1
  3)             AHB-459          12663268         3
  4)             OWN-701          36380447         5
  5)             TMN-884          88956889         1
  6)             FEG-454          59162728         4
  7)             ZVA-180          33713901         6
  8)             OQI-373          86402303         3
  9)             KCO-488          24995742         4
 10)             BCK-361          97403853         5
 11)             OXP-732          79901434         2
 12)             TYF-885          26290971         3
 13)             AFL-718          26976877         5
 14)             JXD-139          79464412         4
 15)             QRC-609          25171011         3
 16)             JFC-432          89148118         5
 17)             AVM-258          45828535         2
 18)             ISU-815          46462527         6
 19)             CSZ-863          95015539         2
 20)             JJN-837          11602775         2
 21)             OTW-288          15210391         3
 22)             SSD-176          43877279         4
 23)             FVB-607          54761731         5
 24)             LDR-510          85949265         6
 25)             SSD-176          78078115         1
 26)             VJI-529          35565959         5
 27)             VZV-827          45783712         1
 28)             VVS-017          50365593         3
 29)             JDC-028          87800799         5
 30)             OBI-353          73914283         4
 31)             RDT-761          45877001         5
 32)             GLC-370          42928709         6
====================================================================================================
FECHA: 03/09/2023
====================================================================================================
                 PRODUCTO            DNI       CANTIDAD
----------------------------------------------------------------------------------------------------
  1)             CRU-009          50375303         5
  2)             PVZ-181          26290971         3
  3)             FLJ-040          73535476         4
  4)             AWB-345          16552775         6
  5)             UWA-476          73535476         5
  6)             UOD-420          95751208         4
  7)             GBJ-693          15561764         2
  8)             ZEX-027          43043986         1
  9)             CRU-009          96258632         2
 10)             ZEX-027          79901434         2
 11)             YYU-726          12663268         4
 12)             FVQ-662          71378466         2
 13)             VTV-269          26976877         4
 14)             OQI-373          42798099         2
 15)             TMN-884          23928045         2
 16)             UOD-420          69324480         3
 17)             OWN-701          59407188         1
 18)             OTH-462          57263719         5
 19)             FCN-617          37110873         6
 20)             GBJ-693          96659352         3
 21)             UTN-601          52097922         2
 22)             CSZ-863          79901434         5
 23)             UXG-019          89429489         1
 24)             XSD-310          52097922         6
 25)             VVS-017          33713901         1
 26)             AVM-258          62566305         1
 27)             RBE-789          32904023         6
 28)             DUG-251          99842319         2
 29)             FVQ-662          40112594         4
 30)             AQS-362          16151792         1
 31)             XZG-521          52097922         4
 32)             OTS-581          54761731         5
====================================================================================================
FECHA: 27/08/2023
====================================================================================================
                 PRODUCTO            DNI       CANTIDAD
----------------------------------------------------------------------------------------------------
  1)             YYK-309          22777006         3
  2)             PJG-338          63437380         2
  3)             MLE-193          87813843         4
  4)             DFF-034          79140840         3
  5)             OBI-353          73914283         1
  6)             YOT-530          43053402         2
  7)             ISU-815          52097922         5
  8)             UXG-019          32565207         4
  9)             YZD-580          37110873         5
 10)             XSD-310          12663268         6
 11)             YYK-309          11602775         3
 12)             FYF-898          15561764         2
 13)             III-576          60574154         6
 14)             QUU-384          73185299         3
 15)             SNY-500          43877279         4
 16)             KSO-608          40112594         6
 17)             AQS-362          41036366         2
 18)             CIM-038          25171011         1
 19)             KQA-580          96659352         6
 20)             HLR-109          79140840         1
 21)             OQI-373          90237332         1
 22)             SSE-115          89863424         4
 23)             YGV-332          86828079         1
 24)             KJX-387          78757121         4
 25)             XOA-735          78078115         2
 26)             EVN-510          67418025         5
 27)             BRD-969          95751208         4
 28)             KQQ-136          26976877         3
 29)             FLW-631          38913831         3
 30)             OTH-462          57263719         2
 31)             YEZ-591          63437380         5
 32)             OXP-732          91897732         2
 33)             JFC-432          26233063         4
 34)             SSD-176          55552996         6
 35)             XLF-273          22777006         2
 36)             JCW-489          13245501         5
 37)             YUQ-590          26976877         4
 38)             OFS-384          38637282         1
 39)             JFC-432          84165595         3
 40)             GBJ-693          45877001         5
 41)             CRU-009          66409237         4
 42)             OQI-373          78922174         3
 43)             CRU-009          54716824         6
 44)             XLF-273          17913944         4
 45)             XTE-383          57690875         6
====================================================================================================
FECHA: 28/08/2023
====================================================================================================
                 PRODUCTO            DNI       CANTIDAD
----------------------------------------------------------------------------------------------------
  1)             OTS-581          42157219         5
  2)             UWA-476          77484838         1
  3)             CJE-310          79464412         5
  4)             SJQ-827          76388967         5
  5)             TKM-141          78922174         5
  6)             NMV-644          94080926         5
  7)             BWD-036          57263719         3
  8)             ZWF-661          17972674         1
  9)             XLF-273          89148118         5
 10)             NSM-283          42928709         5
 11)             CIM-038          57690875         3
 12)             BCK-361          80048864         3
 13)             BIT-434          59407188         6
 14)             FVQ-662          32565207         5
 15)             YMU-875          24995742         3
 16)             QFP-254          89298238         2
 17)             AWB-345          44679500         1
 18)             AVM-258          35584593         4
 19)             MYC-756          85871751         2
 20)             QFP-254          43043986         5
 21)             UWA-476          71463316         3
 22)             ARS-231          71378466         6
 23)             KQQ-136          79475585         6
 24)             KJX-387          32904023         3
 25)             KCO-488          42157219         2
 26)             BCN-855          71463316         4
 27)             UXG-019          66409237         4
 28)             OXP-732          23928045         3
 29)             KSO-608          26233063         3
 30)             CIM-038          86241107         2
 31)             DFJ-952          35565959         2
 32)             DEN-125          73786035         4
 33)             TZY-323          45828535         6
 34)             SSE-115          26976877         4
 35)             PPX-620          80048864         1
 36)             KDA-627          60574154         5
 37)             BCK-361          40112594         2
 38)             QVJ-982          79372768         6
 39)             QUU-384          43877279         5
 40)             HFM-021          69975105         6
 41)             FVQ-662          43053402         6
 42)             OTH-462          89863424         6
 43)             OQI-373          95161027         1
 44)             OPJ-039          62324793         2
====================================================================================================
FECHA: 30/08/2023
====================================================================================================
                 PRODUCTO            DNI       CANTIDAD
----------------------------------------------------------------------------------------------------
  1)             IHG-413          33397650         3
  2)             KQQ-136          97403853         6
  3)             AFL-718          50365593         5
  4)             TYF-885          83505958         5
  5)             AWB-345          63437380         4
  6)             TXM-139          19829266         3
  7)             ONB-903          32821689         3
  8)             QHC-492          96258632         2
  9)             WZD-331          69975105         6
 10)             OTH-462          79140840         1
 11)             GBD-525          87800799         6
 12)             GXF-122          62566305         5
 13)             QIL-029          42928709         4
 14)             TKM-141          23928045         5
 15)             TKM-141          32565207         4
 16)             GKG-558          26290971         3
 17)             RBE-789          86402303         6
 18)             KQA-580          48184351         2
 19)             VRR-793          85949265         5
 20)             DON-719          15210391         2
 21)             VCL-867          89429489         6
 22)             JXD-139          35565959         5
 23)             KQQ-136          96659352         3
 24)             XBD-314          62324793         5
 25)             QRC-609          89863424         3
 26)             GBJ-693          97403853         4
 27)             AVM-258          73185299         3
 28)             AQS-362          15210391         2
 29)             KBY-991          45877001         6
====================================================================================================
FECHA: 22/08/2023
====================================================================================================
                 PRODUCTO            DNI       CANTIDAD
----------------------------------------------------------------------------------------------------
  1)             OQI-373          78757121         3
  2)             PQH-935          71984468         2
  3)             XLF-273          43488351         5
  4)             RSE-049          15210391         5
  5)             XZR-640          78078115         5
  6)             BTO-226          77484838         4
  7)             OPT-996          25171011         6
  8)             VJI-529          95161027         2
  9)             LWG-915          27912250         4
 10)             JYQ-045          15561764         6
 11)             ZXK-295          78757121         4
 12)             RSE-049          76388967         6
 13)             GXF-122          37110873         2
 14)             WZD-331          16151792         3
 15)             CIM-038          73535476         3
 16)             QTK-083          89298238         3
 17)             DFF-034          78078115         2
 18)             YUQ-590          77484838         6
 19)             KCO-488          35584593         1
 20)             TMJ-043          78078115         3
 21)             YZD-580          38913831         1
 22)             QRC-609          87800799         1
 23)             ICX-503          66409237         5
 24)             HFC-845          86241107         3
 25)             HFC-845          36008913         6
 26)             YYK-309          64394265         6
 27)             ISU-815          32821689         1
 28)             TZY-323          26290971         5
 29)             AVM-258          77191257         6
 30)             MMA-577          52097922         2
 31)             QHC-492          84165595         4
 32)             NSR-955          93845419         2
 33)             LWG-915          27912250         1
 34)             SPR-580          20864087         1
 35)             OTW-288          94080926         5
 36)             BWD-036          80048864         3
====================================================================================================
FECHA: 26/08/2023
====================================================================================================
                 PRODUCTO            DNI       CANTIDAD
----------------------------------------------------------------------------------------------------
  1)             ICX-503          27912250         1
  2)             MQR-442          86828079         3
  3)             BCK-361          49087435         3
  4)             AFL-718          78922174         5
  5)             JJN-837          11602775         1
  6)             BWD-036          79475585         5
  7)             UWA-476          17972674         4
  8)             BIT-434          71378466         4
  9)             MQR-442          83505958         1
 10)             AFL-718          77484838         1
 11)             VVS-017          95161027         5
 12)             DEV-433          54761731         3
 13)             QJO-060          45828535         6
 14)             OPT-996          83236386         2
 15)             III-576          42157219         6
 16)             FLJ-040          38637282         6
 17)             RDT-761          59407188         5
 18)             GXF-122          78757121         1
 19)             EUZ-452          90365520         6
 20)             HFC-845          13245501         6
 21)             ARS-231          78757121         4
 22)             BWD-036          24995742         1
 23)             OQI-373          86402303         3
 24)             XLF-273          57690875         4
 25)             CIM-038          94080926         2
 26)             ZVA-180          54761731         4
 27)             KWP-672          42157219         6
 28)             VZV-827          54761731         1
 29)             WZD-331          29337157         4
 30)             KJX-387          73535476         4
 31)             TZY-323          77191257         3
 32)             FLJ-040          27912250         3
 33)             KQQ-136          32904023         1
 34)             ZAF-449          99842319         1
 35)             ZWF-661          57263719         5
 36)             VCL-867          81114108         1
 37)             XSD-310          31611146         1
 38)             VRR-793          40348917         3
 39)             TXM-139          79901434         2
 40)             XZG-521          26976877         3
====================================================================================================
FECHA: 29/08/2023
====================================================================================================
                 PRODUCTO            DNI       CANTIDAD
----------------------------------------------------------------------------------------------------
  1)             DFF-034          98140264         2
  2)             VCL-867          25171011         3
  3)             EBI-299          76388967         5
  4)             CNN-411          16552775         5
  5)             KWP-672          46462527         3
  6)             NSM-283          79464412         2
  7)             OWN-701          52097922         2
  8)             KCO-488          71463316         5
  9)             DFJ-952          77642521         5
 10)             QHC-492          53166028         1
 11)             PJG-338          45877001         2
 12)             UDR-957          77484838         3
 13)             EBI-299          71463316         6
 14)             HFM-021          88956889         6
 15)             BCK-361          29847168         1
 16)             SJD-818          55552996         1
 17)             WZD-331          87800799         2
 18)             VRR-793          43053402         2
 19)             AQS-362          16151792         1
 20)             RBE-789          81114108         2
 21)             FQG-293          62324793         1
 22)             BTO-226          87800799         3
 23)             SNY-500          44229880         3
 24)             YUQ-590          20864087         5
 25)             BXY-119          31193794         5
 26)             FEG-454          86241107         2
 27)             FQG-293          95161027         4
 28)             DON-719          69639726         1
 29)             ONB-903          53166028         3
 30)             YMU-875          45828535         5
 31)             XSD-310          71378466         3
====================================================================================================
FECHA: 25/08/2023
====================================================================================================
                 PRODUCTO            DNI       CANTIDAD
----------------------------------------------------------------------------------------------------
  1)             TZY-323          57263719         6
  2)             KWP-672          87800799         2
  3)             CIM-038          35565959         4
  4)             QUU-384          77642521         5
  5)             AHB-459          79901434         3
  6)             QUU-384          67418025         1
  7)             TYF-885          79140840         2
  8)             XLF-273          11602775         4
  9)             DIQ-718          62566305         4
 10)             SNY-500          40348917         4
 11)             MTF-868          83236386         2
 12)             GBD-525          52097922         5
 13)             CNQ-172          16151792         1
 14)             MMA-577          32821689         5
 15)             JXD-139          26976877         2
 16)             LDR-510          73535476         2
 17)             EBI-299          96258632         5
 18)             YJD-279          62324793         5
 19)             ZWF-661          13245501         1
 20)             ICX-503          87800799         2
 21)             AQS-362          73786035         1
 22)             KBY-991          58187172         6
 23)             OQI-373          71378466         1
 24)             HLR-109          88995291         2
 25)             BWD-036          95751208         3
 26)             EUZ-452          87800799         2
 27)             YOT-530          57263719         5
 28)             AWB-345          93845419         5
 29)             UXG-019          19829266         2
 30)             DUG-251          93160528         2
 31)             SJQ-827          50375303         2
 32)             RDT-761          42798099         6
 33)             AFL-718          49087435         1
 34)             SNY-500          45783712         5
 35)             YGV-332          77484838         3
====================================================================================================
FECHA: 05/09/2023
====================================================================================================
                 PRODUCTO            DNI       CANTIDAD
----------------------------------------------------------------------------------------------------
  1)             SSD-176          35584593         4
  2)             BWD-036          60574154         2
  3)             XOA-735          13245501         5
  4)             KCO-488          46462527         4
  5)             CIM-038          93845419         5
  6)             KQA-580          63437380         2
  7)             SPR-580          54716824         3
  8)             UXG-019          55552996         6
  9)             AQS-362          42798099         1
 10)             RDT-761          80048864         5
 11)             TYF-885          43877279         5
 12)             VRR-793          98589725         1
 13)             XSD-310          22280452         2
 14)             TZY-323          16151792         3
 15)             JXD-139          89298238         3
 16)             BMJ-772          12663268         1
 17)             YUQ-590          64394265         1
 18)             DOV-560          76388967         2
 19)             VJI-529          69324480         1
 20)             BRD-969          73914283         3
 21)             CNQ-172          62566305         3
 22)             KJX-387          13245501         5
 23)             ICX-503          89298238         3
 24)             YYU-726          67418025         6
====================================================================================================
FECHA: 23/08/2023
====================================================================================================
                 PRODUCTO            DNI       CANTIDAD
----------------------------------------------------------------------------------------------------
  1)             JDC-028          31193794         1
  2)             TKM-141          89148118         6
  3)             QHC-492          29337157         6
  4)             PFD-286          90237332         4
  5)             PFD-286          89298238         2
  6)             AQS-362          55552996         1
  7)             BCN-855          81114108         4
  8)             VRR-793          22280452         5
  9)             VXS-438          69324480         3
 10)             MTF-868          79464412         6
 11)             BRD-969          93160528         5
 12)             QTK-083          43488351         6
 13)             QTK-083          93160528         3
 14)             CNQ-172          76388967         6
 15)             YOT-530          89298238         1
 16)             QUU-384          89429489         1
 17)             ZVA-180          50365593         6
 18)             OFS-384          83236386         1
 19)             OFS-384          81114108         3
 20)             LWG-915          23928045         2
 21)             QFP-254          73185299         5
 22)             XBD-314          78922174         2
 23)             LDR-510          87813843         6
 24)             PJG-338          78078115         2
 25)             SAM-013          79372768         1
 26)             OTW-288          64394265         5
 27)             YYU-726          77642521         2
 28)             QFP-254          12663268         5
====================================================================================================
FECHA: 31/08/2023
====================================================================================================
                 PRODUCTO            DNI       CANTIDAD
----------------------------------------------------------------------------------------------------
  1)             OTH-462          73185299         3
  2)             YUQ-590          45783712         2
  3)             LDR-510          62324793         1
  4)             QUU-384          37110873         4
  5)             AWT-354          71463316         4
  6)             LWG-915          46462527         6
  7)             VRR-793          87800799         2
  8)             AWB-345          25171011         6
  9)             FCN-617          22777006         1
 10)             QFP-254          90237332         3
 11)             JDQ-505          48467976         5
 12)             XSD-310          45828535         4
 13)             KBY-991          90365520         6
 14)             UDR-957          54716824         1
 15)             VDD-853          37110873         4
 16)             ZEX-027          54716824         6
 17)             DFF-034          81114108         5
 18)             OFS-384          64394265         5
 19)             CNN-411          42798099         6
 20)             QIL-029          13245501         2
 21)             HFM-021          86402303         6
 22)             EBI-299          89148118         6
 23)             OQI-373          87813843         1
 24)             QIL-029          93845419         6
 25)             FEG-454          67418025         2
 26)             TMJ-043          69975105         6
 27)             YJD-279          97403853         3
====================================================================================================
FECHA: 02/09/2023
====================================================================================================
                 PRODUCTO            DNI       CANTIDAD
----------------------------------------------------------------------------------------------------
  1)             QIL-029          86828079         5
  2)             OBI-353          79901434         6
  3)             BXY-119          20864087         4
  4)             SSD-176          37110873         1
  5)             SJD-818          41036366         4
  6)             BRD-969          98140264         1
  7)             RDT-761          84165595         6
  8)             JDC-028          50365593         6
  9)             TZY-323          15210391         3
 10)             III-576          95161027         5
 11)             JFC-432          20864087         1
 12)             AFL-718          50375303         1
 13)             OQI-373          42928709         5
 14)             MMA-577          43053402         6
 15)             EJW-346          78922174         6
 16)             CJE-310          98140264         3
 17)             TXM-139          94080926         5
 18)             JDQ-505          20864087         6
 19)             DFF-034          66409237         4
 20)             AWT-354          66409237         6
 21)             MYC-756          88956889         4
 22)             DON-719          24995742         3
 23)             UWA-476          88956889         6
 24)             QFP-254          32904023         4
 25)             YOT-530          89298238         4
 26)             GLC-370          79372768         4
 27)             MTF-868          32821689         5
 28)             LYZ-614          59407188         3
 29)             QTK-083          55552996         1
 30)             TMN-884          50365593         6
 31)             VXS-438          15210391         4
 32)             VJI-529          33397650         6
 33)             BXY-119          13245501         5
 34)             DIQ-718          69324480         1
 35)             DFJ-952          78078115         5
 36)             HFM-021          29337157         4
 37)             KWP-672          77191257         2
 38)             FVB-607          89863424         1
 39)             GXF-122          79420973         3
 40)             UWA-476          33713901         2
 41)             TKM-141          90237332         3
 42)             BXY-119          89429489         3
 43)             VDD-853          90365520         5
 44)             EUZ-452          79372768         5
 45)             TXM-139          53166028         3
 46)             SSD-176          45783712         6
 47)             DOV-560          57263719         4
 48)             DFJ-952          40348917         2
 49)             QRC-609          79140840         5
====================================================================================================
FECHA: 21/08/2023
====================================================================================================
                 PRODUCTO            DNI       CANTIDAD
----------------------------------------------------------------------------------------------------
  1)             CSZ-863          57690875         5
  2)             CIM-038          11602775         4
  3)             ZEX-027          29337157         3
  4)             VDD-853          49087435         2
  5)             TYF-885          62566305         4
  6)             VVS-017          45877001         4
  7)             EJW-346          83505958         3
  8)             QHC-492          98140264         4
  9)             WZD-331          40348917         3
 10)             KWP-672          90365520         6
 11)             QFR-958          45783712         3
 12)             SJQ-827          49087435         1
 13)             VXS-438          89429489         1
 14)             IHG-413          17913944         4
 15)             VRR-793          81114108         4
 16)             PVZ-181          90237332         5
 17)             FLJ-040          40348917         2
 18)             UWA-476          37110873         2
 19)             FQG-293          55552996         1
 20)             TMJ-043          85949265         6
 21)             QFP-254          71463316         6
 22)             ZAF-449          26233063         2
 23)             OPJ-039          90365520         1
 24)             OPT-996          69639726         3
 25)             PJG-338          49087435         1
 26)             TMN-884          79140840         5
 27)             WLL-607          91897732         1
 28)             JJN-837          71984468         5
 29)             HFM-021          15210391         1
 30)             UTN-601          17972674         1
 31)             XZR-640          49087435         6
 32)             VCL-867          25171011         1
 33)             YUQ-590          85949265         2
 34)             TXM-139          43043986         3
 35)             JFC-432          38913831         3
 36)             TMJ-043          11602775         6
 37)             YJD-279          17913944         5
 38)             DUG-251          81114108         5
 39)             TZY-323          50365593         1
 40)             SAM-013          32904023         3
 41)             EBI-299          40112594         3
 42)             HLR-109          44229880         5
 43)             VXS-438          58187172         2
 44)             RAH-420          15561764         4
 45)             TZY-323          95161027         5
 46)             BWD-036          77191257         5
 47)             ZWF-661          32565207         6
====================================================================================================
FECHA: 04/09/2023
====================================================================================================
                 PRODUCTO            DNI       CANTIDAD
----------------------------------------------------------------------------------------------------
  1)             GLC-370          28390487         2
  2)             DFJ-952          84165595         1
  3)             JCW-489          69324480         5
  4)             KQA-580          50375303         5
  5)             IDO-503          32565207         6
  6)             III-576          63437380         5
  7)             TMN-884          91897732         2
  8)             YOT-530          31611146         4
  9)             JFC-432          85949265         4
 10)             RAH-420          12663268         3
 11)             YUQ-590          88956889         2
 12)             BCN-855          38913831         3
 13)             JXD-139          44229880         4
 14)             XLF-273          42928709         4
 15)             UWA-476          88956889         3
 16)             BRD-969          66409237         3
 17)             QFP-254          42928709         5
 18)             UWA-476          26233063         1
 19)             QRC-609          35565959         5
 20)             YJD-279          50375303         5
 21)             QFR-958          27912250         3
 22)             MTF-868          88995291         3
 23)             FQG-293          69975105         5
 24)             PFD-286          76388967         6
 25)             ZWF-661          77191257         4
 26)             PFD-286          91897732         2
 27)             HLR-109          36380447         2
 28)             VXS-438          50375303         4
 29)             DFJ-952          25171011         4
 30)             TXM-139          48184351         1
 31)             YMU-875          45783712         4
 32)             SPR-580          94080926         5
====================================================================================================
FECHA: 01/09/2023
====================================================================================================
                 PRODUCTO            DNI       CANTIDAD
----------------------------------------------------------------------------------------------------
  1)             LWG-915          50365593         3
  2)             UJV-290          83236386         5
  3)             QHC-492          73185299         3
  4)             VXS-438          13245501         3
  5)             TMN-884          42798099         5
  6)             DUG-251          32904023         4
  7)             ADX-669          96659352         4
  8)             AFL-718          89148118         1
  9)             QVJ-982          77191257         5
 10)             XZR-640          91897732         5
 11)             YYU-726          93160528         1
 12)             UJV-290          89298238         4
 13)             DIQ-718          43488351         6
 14)             FQG-293          78078115         4
 15)             SSD-176          43043986         5
 16)             BMJ-772          40348917         1
 17)             XBD-314          78922174         3
 18)             BZS-261          35565959         1
 19)             XSD-310          87813843         3
 20)             DEN-125          17913944         1
 21)             SSE-115          79420973         5
 22)             IDO-503          16151792         6
 23)             UCX-285          22280452         3
 24)             TZY-323          71984468         1
 25)             RDT-761          19829266         3
 26)             UXG-019          86241107         2
 27)             HFM-021          84165595         6
 28)             FVQ-662          31611146         4
 29)             ZEX-027          77191257         6
 30)             QVJ-982          41036366         4
 31)             JXD-139          79140840         4
 32)             III-576          49087435         2
====================================================================================================
